0	100.945	1.00945	1.01771
0.18	86.2157	0.862157	1.01617
0.36	86.08842	0.8608842	1.014799
0.54	86.07556	0.8607556	1.013585
0.72	86.091	0.86091	1.012529
0.9	86.11161	0.8611161	1.01163
1.08	86.13142	0.8613142	1.010887
1.26	86.14896	0.8614896	1.010299
1.44	86.16395	0.8616395	1.009866
1.62	86.17641	0.8617641	1.009587
1.8	86.18646	0.8618646	1.009461
1.98	86.1942	0.861942	1.009451
2.16	86.19978	0.8619978	1.009451
2.34	86.20333	0.8620333	1.009451
2.52	86.20497	0.8620497	1.009451
2.7	86.20483	0.8620483	1.009451
2.88	86.20303	0.8620303	1.009451
3.06	86.1997	0.861997	1.009451
3.24	86.19495	0.8619495	1.009451
3.42	86.18892	0.8618892	1.009451
3.6	86.18172	0.8618172	1.009451
3.78	86.17349	0.8617349	1.009451
3.96	86.16433	0.8616433	1.009451
4.14	86.15437	0.8615437	1.009451
4.32	86.14374	0.8614374	1.009451
4.5	86.13256	0.8613256	1.009451
4.68	86.12095	0.8612095	1.009451
4.86	86.10904	0.8610904	1.009451
5.04	86.09696	0.8609696	1.009451
5.22	86.08483	0.8608483	1.009451
5.4	86.07277	0.8607277	1.009451
5.58	86.06091	0.8606091	1.009451
5.76	86.04939	0.8604939	1.009451
5.94	86.03832	0.8603832	1.009451
6.12	86.02784	0.8602784	1.009451
6.3	86.01808	0.8601808	1.009451
6.48	86.00916	0.8600916	1.009451
6.66	86.00122	0.8600122	1.009451
6.84	85.99439	0.8599439	1.009451
7.02	85.9888	0.859888	1.009451
7.2	85.98457	0.8598457	1.009451
7.38	85.98184	0.8598184	1.009451
7.56	85.98073	0.8598073	1.009451
7.74	85.98138	0.8598138	1.009452
7.92	85.9839	0.859839	1.009452
8.1	85.98843	0.8598843	1.009452
8.28	85.99508	0.8599508	1.009452
8.46	86.00399	0.8600399	1.009452
8.64	86.01527	0.8601527	1.009452
8.82	86.02904	0.8602904	1.009452
9	86.04542	0.8604542	1.009452
9.18	86.06451	0.8606451	1.009452
9.36	86.08642	0.8608642	1.009452
9.54	86.11127	0.8611127	1.009452
9.72	86.13914	0.8613914	1.009452
9.9	86.17015	0.8617015	1.009452
10.08	86.20437	0.8620437	1.009452
10.26	86.2419	0.862419	1.009453
10.44	86.28282	0.8628282	1.009453
10.62	86.3272	0.863272	1.009453
10.8	86.37511	0.8637511	1.009453
10.98	86.42662	0.8642662	1.009453
11.16	86.48178	0.8648178	1.009453
11.34	86.54064	0.8654064	1.009453
11.52	86.60325	0.8660325	1.009453
11.7	86.66963	0.8666963	1.009453
11.88	86.73982	0.8673982	1.009454
12.06	86.81384	0.8681384	1.009454
12.24	86.89169	0.8689169	1.009454
12.42	86.97339	0.8697339	1.009454
12.6	87.05892	0.8705892	1.009454
12.78	87.14827	0.8714827	1.009454
12.96	87.24142	0.8724142	1.009454
13.14	87.33835	0.8733835	1.009455
13.32	87.439	0.87439	1.009455
13.5	87.54334	0.8754334	1.009455
13.68	87.65131	0.8765131	1.009455
13.86	87.76285	0.8776285	1.009455
14.04	87.87789	0.8787789	1.009455
14.22	87.99634	0.8799634	1.009456
14.4	88.11812	0.8811812	1.009456
14.58	88.24314	0.8824314	1.009456
14.76	88.3713	0.883713	1.009456
14.94	88.50249	0.8850249	1.009456
15.12	88.63659	0.8863659	1.009457
15.3	88.7735	0.887735	1.009457
15.48	88.91308	0.8891308	1.009457
15.66	89.05521	0.8905521	1.009457
15.84	89.19974	0.8919974	1.009457
16.02	89.34655	0.8934655	1.009458
16.2	89.4955	0.894955	1.009458
16.38	89.64643	0.8964643	1.009458
16.56	89.79919	0.8979919	1.009458
16.74	89.95365	0.8995365	1.009459
16.92	90.10965	0.9010965	1.009459
17.1	90.26703	0.9026703	1.009459
17.28	90.42565	0.9042565	1.00946
17.46	90.58534	0.9058534	1.00946
17.64	90.74596	0.9074596	1.00946
17.82	90.90735	0.9090735	1.009461
18	91.06937	0.9106937	1.009461
18.18	91.23185	0.9123185	1.009461
18.36	91.39466	0.9139466	1.009462
18.54	91.55764	0.9155764	1.009462
18.72	91.72065	0.9172065	1.009462
18.9	91.88356	0.9188356	1.009463
19.08	92.04622	0.9204622	1.009463
19.26	92.2085	0.922085	1.009463
19.44	92.37028	0.9237028	1.009464
19.62	92.53142	0.9253142	1.009464
19.8	92.69181	0.9269181	1.009465
19.98	92.85133	0.9285133	1.009465
20.16	93.00986	0.9300986	1.009465
20.34	93.16731	0.9316731	1.009466
20.52	93.32356	0.9332356	1.009466
20.7	93.47852	0.9347852	1.009467
20.88	93.6321	0.936321	1.009467
21.06	93.7842	0.937842	1.009468
21.24	93.93476	0.9393476	1.009468
21.42	94.08368	0.9408368	1.009469
21.6	94.23091	0.9423091	1.009469
21.78	94.37637	0.9437637	1.00947
21.96	94.51999	0.9451999	1.00947
22.14	94.66174	0.9466174	1.009471
22.32	94.80154	0.9480154	1.009471
22.5	94.93936	0.9493936	1.009472
22.68	95.07516	0.9507516	1.009472
22.86	95.20889	0.9520889	1.009473
23.04	95.34052	0.9534052	1.009473
23.22	95.47002	0.9547002	1.009474
23.4	95.59738	0.9559738	1.009475
23.58	95.72256	0.9572256	1.009475
23.76	95.84555	0.9584555	1.009476
23.94	95.96634	0.9596634	1.009476
24.12	96.08492	0.9608492	1.009477
24.3	96.20128	0.9620128	1.009478
24.48	96.31542	0.9631542	1.009478
24.66	96.42734	0.9642734	1.009479
24.84	96.53704	0.9653704	1.00948
25.02	96.64453	0.9664453	1.00948
25.2	96.74982	0.9674982	1.009481
25.38	96.85291	0.9685291	1.009482
25.56	96.95383	0.9695383	1.009483
25.74	97.05258	0.9705258	1.009483
25.92	97.14919	0.9714919	1.009484
26.1	97.24368	0.9724368	1.009485
26.28	97.33605	0.9733605	1.009486
26.46	97.42635	0.9742635	1.009486
26.64	97.51458	0.9751458	1.009487
26.82	97.60079	0.9760079	1.009488
27	97.68498	0.9768498	1.009489
27.18	97.7672	0.977672	1.00949
27.36	97.84746	0.9784746	1.00949
27.54	97.92581	0.9792581	1.009491
27.72	98.00226	0.9800226	1.009492
27.9	98.07685	0.9807685	1.009493
28.08	98.14962	0.9814962	1.009494
28.26	98.22058	0.9822058	1.009495
28.44	98.28978	0.9828978	1.009496
28.62	98.35725	0.9835725	1.009497
28.8	98.42303	0.9842303	1.009498
28.98	98.48713	0.9848713	1.009499
29.16	98.5496	0.985496	1.0095
29.34	98.61047	0.9861047	1.009501
29.52	98.66977	0.9866977	1.009502
29.7	98.72754	0.9872754	1.009503
29.88	98.78381	0.9878381	1.009504
30.06	98.83861	0.9883861	1.009505
30.24	98.89198	0.9889198	1.009506
30.42	98.94394	0.9894394	1.009507
30.6	98.99453	0.9899453	1.009508
30.78	99.04378	0.9904378	1.009509
30.96	99.09172	0.9909172	1.00951
31.14	99.13839	0.9913839	1.009511
31.32	99.18381	0.9918381	1.009512
31.5	99.22801	0.9922801	1.009514
31.68	99.27102	0.9927102	1.009515
31.86	99.31288	0.9931288	1.009516
32.04	99.35361	0.9935361	1.009517
32.22	99.39324	0.9939324	1.009518
32.4	99.4318	0.994318	1.00952
32.58	99.46932	0.9946932	1.009521
32.76	99.50581	0.9950581	1.009522
32.94	99.54132	0.9954132	1.009523
33.12	99.57586	0.9957586	1.009525
33.3	99.60946	0.9960946	1.009526
33.48	99.64215	0.9964215	1.009527
33.66	99.67394	0.9967394	1.009529
33.84	99.70487	0.9970487	1.00953
34.02	99.73496	0.9973496	1.009531
34.2	99.76423	0.9976423	1.009533
34.38	99.79269	0.9979269	1.009534
34.56	99.82039	0.9982039	1.009536
34.74	99.84732	0.9984732	1.009537
34.92	99.87352	0.9987352	1.009539
35.1	99.89901	0.9989901	1.00954
35.28	99.92381	0.9992381	1.009541
35.46	99.94793	0.9994793	1.009543
35.64	99.97139	0.9997139	1.009545
35.82	99.99422	0.9999422	1.009546
36	100.0164	1.000164	1.009548
36.18	100.038	1.00038	1.009549
36.36	100.059	1.00059	1.009551
36.54	100.0795	1.000795	1.009552
36.72	100.0994	1.000994	1.009554
36.9	100.1188	1.001188	1.009556
37.08	100.1376	1.001376	1.009557
37.26	100.1559	1.001559	1.009559
37.44	100.1738	1.001738	1.009561
37.62	100.1911	1.001911	1.009562
37.8	100.208	1.00208	1.009564
37.98	100.2245	1.002245	1.009566
38.16	100.2405	1.002405	1.009568
38.34	100.2561	1.002561	1.009569
38.52	100.2714	1.002714	1.009572
38.7	100.2862	1.002862	1.009574
38.88	100.3005	1.003005	1.009576
39.06	100.3145	1.003145	1.009578
39.24	100.3282	1.003282	1.00958
39.42	100.3415	1.003415	1.009582
39.6	100.3544	1.003544	1.009584
39.78	100.367	1.00367	1.009586
39.96	100.3793	1.003793	1.009588
40.14	100.3912	1.003912	1.00959
40.32	100.4029	1.004029	1.009592
40.5	100.4142	1.004142	1.009594
40.68	100.4253	1.004253	1.009596
40.86	100.436	1.00436	1.009598
41.04	100.4465	1.004465	1.0096
41.22	100.4568	1.004568	1.009602
41.4	100.4667	1.004667	1.009604
41.58	100.4765	1.004765	1.009606
41.76	100.4859	1.004859	1.009608
41.94	100.4952	1.004952	1.00961
42.12	100.5042	1.005042	1.009613
42.3	100.513	1.00513	1.009615
42.48	100.5216	1.005216	1.009617
42.66	100.53	1.0053	1.009619
42.84	100.5381	1.005381	1.009622
43.02	100.5461	1.005461	1.009624
43.2	100.5539	1.005539	1.009626
43.38	100.5615	1.005615	1.009629
43.56	100.5689	1.005689	1.009631
43.74	100.5761	1.005761	1.009633
43.92	100.5832	1.005832	1.009636
44.1	100.5901	1.005901	1.009638
44.28	100.5968	1.005968	1.009641
44.46	100.6034	1.006034	1.009643
44.64	100.6098	1.006098	1.009646
44.82	100.6161	1.006161	1.009648
45	100.6223	1.006223	1.009651
45.18	100.6283	1.006283	1.009653
45.36	100.6342	1.006342	1.009656
45.54	100.6399	1.006399	1.009659
45.72	100.6456	1.006456	1.009661
45.9	100.6511	1.006511	1.009664
46.08	100.6565	1.006565	1.009666
46.26	100.6617	1.006617	1.009669
46.44	100.6669	1.006669	1.009672
46.62	100.672	1.00672	1.009675
46.8	100.6769	1.006769	1.009677
46.98	100.6818	1.006818	1.00968
47.16	100.6865	1.006865	1.009683
47.34	100.6912	1.006912	1.009686
47.52	100.6958	1.006958	1.009689
47.7	100.7003	1.007003	1.009692
47.88	100.7047	1.007047	1.009694
48.06	100.709	1.00709	1.009697
48.24	100.7133	1.007133	1.0097
48.42	100.7174	1.007174	1.009703
48.6	100.7215	1.007215	1.009706
48.78	100.7256	1.007256	1.009709
48.96	100.7295	1.007295	1.009712
49.14	100.7334	1.007334	1.009715
49.32	100.7373	1.007373	1.009718
49.5	100.7411	1.007411	1.009721
49.68	100.7448	1.007448	1.009725
49.86	100.7485	1.007485	1.009728
50.04	100.7521	1.007521	1.009731
50.22	100.7557	1.007557	1.009734
50.4	100.7592	1.007592	1.009737
50.58	100.7627	1.007627	1.009741
50.76	100.7662	1.007662	1.009744
50.94	100.7696	1.007696	1.009747
51.12	100.773	1.00773	1.00975
51.3	100.7764	1.007764	1.009754
51.48	100.7824	1.007824	1.009754
51.66	100.7857	1.007857	1.009755
51.84	100.789	1.00789	1.009757
52.02	100.7922	1.007922	1.00976
52.2	100.7954	1.007954	1.009763
52.38	100.7987	1.007987	1.009766
52.56	100.8019	1.008019	1.009769
52.74	100.8051	1.008051	1.009773
52.92	100.8084	1.008084	1.009776
53.1	100.8117	1.008117	1.00978
53.28	100.815	1.00815	1.009783
53.46	100.8184	1.008184	1.009787
53.64	100.8218	1.008218	1.00979
53.82	100.8253	1.008253	1.009794
54	100.8289	1.008289	1.009798
54.18	100.8326	1.008326	1.009801
54.36	100.8365	1.008365	1.009805
54.54	100.8407	1.008407	1.009809
54.72	100.8452	1.008452	1.009812
54.9	100.8503	1.008503	1.009816
55.08	100.8564	1.008564	1.010155
55.26	100.8663	1.008663	1.01051
55.44	100.899	1.00899	1.010867
55.62	100.9163	1.009163	1.011227
55.8	100.9235	1.009235	1.011588
55.98	100.9253	1.009253	1.011951
56.16	100.9254	1.009254	1.012317
56.34	100.9252	1.009252	1.012684
56.52	100.925	1.00925	1.013053
56.7	100.9247	1.009247	1.013424
56.88	100.9245	1.009245	1.013798
57.06	100.9242	1.009242	1.014173
57.24	100.924	1.00924	1.01455
57.42	100.9237	1.009237	1.014929
57.6	100.9235	1.009235	1.015311
57.78	100.9232	1.009232	1.015694
57.96	100.9229	1.009229	1.016079
58.14	100.9227	1.009227	1.016467
58.32	100.9224	1.009224	1.016856
58.5	100.9221	1.009221	1.017247
58.68	100.9218	1.009218	1.017641
58.86	100.9216	1.009216	1.018036
59.04	100.9213	1.009213	1.018434
59.22	100.921	1.00921	1.018834
59.4	100.9207	1.009207	1.019235
59.58	100.9205	1.009205	1.019639
59.76	100.9202	1.009202	1.020045
59.94	100.9199	1.009199	1.020453
60.12	100.9196	1.009196	1.020863
60.3	100.9193	1.009193	1.021276
60.48	100.919	1.00919	1.02169
60.66	100.9187	1.009187	1.022106
60.84	100.9184	1.009184	1.022525
61.02	100.9181	1.009181	1.022945
61.2	100.9178	1.009178	1.023368
61.38	100.9175	1.009175	1.023793
61.56	100.9172	1.009172	1.02422
61.74	100.9169	1.009169	1.024649
61.92	100.9166	1.009166	1.025081
62.1	100.9163	1.009163	1.025514
62.28	100.916	1.00916	1.02595
62.46	100.9156	1.009156	1.026388
62.64	100.9153	1.009153	1.026828
62.82	100.915	1.00915	1.02727
63	100.9147	1.009147	1.027714
63.18	100.9144	1.009144	1.028161
63.36	100.914	1.00914	1.02861
63.54	100.9137	1.009137	1.029061
63.72	100.9134	1.009134	1.029514
63.9	100.913	1.00913	1.029969
64.08	100.9127	1.009127	1.030427
64.26	100.9124	1.009124	1.030887
64.44	100.912	1.00912	1.031349
64.62	100.9117	1.009117	1.031813
64.8	100.9113	1.009113	1.032279
64.98	100.911	1.00911	1.032748
65.16	100.9106	1.009106	1.033219
65.34	100.9103	1.009103	1.033692
65.52	100.9099	1.009099	1.034168
65.7	100.9096	1.009096	1.034646
65.88	100.9092	1.009092	1.035126
66.06	100.9089	1.009089	1.035608
66.24	100.9085	1.009085	1.036093
66.42	100.9081	1.009081	1.03658
66.6	100.9078	1.009078	1.037069
66.78	100.9074	1.009074	1.037561
66.96	100.907	1.00907	1.038054
67.14	100.9067	1.009067	1.038551
67.32	100.9063	1.009063	1.039049
67.5	100.9059	1.009059	1.03955
67.68	100.9055	1.009055	1.040053
67.86	100.9052	1.009052	1.040558
68.04	100.9048	1.009048	1.041066
68.22	100.9044	1.009044	1.041576
68.4	100.904	1.00904	1.042089
68.58	100.9036	1.009036	1.042604
68.76	100.9032	1.009032	1.043121
68.94	100.9034	1.009034	1.04364
69.12	100.9031	1.009031	1.04416
69.3	100.9027	1.009027	1.044681
69.48	100.9023	1.009023	1.045205
69.66	100.9019	1.009019	1.045731
69.84	100.9015	1.009015	1.04626
70.02	100.9011	1.009011	1.046791
70.2	100.9007	1.009007	1.047324
70.38	100.9003	1.009003	1.04786
70.56	100.8999	1.008999	1.048398
70.74	100.8995	1.008995	1.048939
70.92	100.8991	1.008991	1.049482
71.1	100.8987	1.008987	1.050027
71.28	100.8983	1.008983	1.050575
71.46	100.8979	1.008979	1.051125
71.64	100.8974	1.008974	1.051678
71.82	100.897	1.00897	1.052233
72	100.8966	1.008966	1.052791
72.18	100.8962	1.008962	1.053351
72.36	100.8958	1.008958	1.053914
72.54	100.8953	1.008953	1.054479
72.72	100.8949	1.008949	1.055046
72.9	100.8945	1.008945	1.055616
73.08	100.894	1.00894	1.056189
73.26	100.8936	1.008936	1.056764
73.44	100.8932	1.008932	1.057341
73.62	100.8927	1.008927	1.057921
73.8	100.8923	1.008923	1.058504
73.98	100.8918	1.008918	1.059089
74.16	100.8914	1.008914	1.059676
74.34	100.891	1.00891	1.060266
74.52	100.8905	1.008905	1.060859
74.7	100.8901	1.008901	1.061454
74.88	100.8896	1.008896	1.062052
75.06	100.8891	1.008891	1.062652
75.24	100.89	1.0089	1.063252
75.42	100.8895	1.008895	1.063853
75.6	100.8891	1.008891	1.064455
75.78	100.8886	1.008886	1.065061
75.96	100.8882	1.008882	1.065669
76.14	100.8877	1.008877	1.066279
76.32	100.8873	1.008873	1.066893
76.5	100.8868	1.008868	1.067508
76.68	100.8863	1.008863	1.068127
76.86	100.8859	1.008859	1.068747
77.04	100.8854	1.008854	1.069371
77.22	100.8849	1.008849	1.069997
77.4	100.8845	1.008845	1.070626
77.58	100.884	1.00884	1.071257
77.76	100.8835	1.008835	1.071891
77.94	100.8831	1.008831	1.072528
78.12	100.8826	1.008826	1.073167
78.3	100.8821	1.008821	1.073809
78.48	100.8816	1.008816	1.074453
78.66	100.8812	1.008812	1.075101
78.84	100.8807	1.008807	1.07575
79.02	100.8802	1.008802	1.076403
79.2	100.8797	1.008797	1.077058
79.38	100.8792	1.008792	1.077716
79.56	100.8787	1.008787	1.078377
79.74	100.8782	1.008782	1.07904
79.92	100.8777	1.008777	1.079706
80.1	100.8772	1.008772	1.080375
80.28	100.8767	1.008767	1.081046
80.46	100.8762	1.008762	1.08172
80.64	100.8757	1.008757	1.082397
80.82	100.8752	1.008752	1.083077
81	100.8747	1.008747	1.083759
81.18	100.8742	1.008742	1.084444
81.36	100.8737	1.008737	1.085132
81.54	100.8732	1.008732	1.085823
81.72	100.8727	1.008727	1.086517
81.9	100.8722	1.008722	1.087213
82.08	100.8717	1.008717	1.087912
82.26	100.8712	1.008712	1.088614
82.44	100.8707	1.008707	1.089318
82.62	100.8701	1.008701	1.090026
82.8	100.8696	1.008696	1.090736
82.98	100.8691	1.008691	1.091449
83.16	100.8686	1.008686	1.092165
83.34	100.868	1.00868	1.092884
83.52	100.8675	1.008675	1.093605
83.7	100.867	1.00867	1.09433
83.88	100.8665	1.008665	1.095057
84.06	100.8659	1.008659	1.095787
84.24	100.8654	1.008654	1.09652
84.42	100.8649	1.008649	1.097256
84.6	100.8643	1.008643	1.097995
84.78	100.8638	1.008638	1.098737
84.96	100.8632	1.008632	1.099482
85.14	100.8627	1.008627	1.100229
85.32	100.8622	1.008622	1.10098
85.5	100.8616	1.008616	1.101733
85.68	100.8611	1.008611	1.102489
85.86	100.8605	1.008605	1.103249
86.04	100.86	1.0086	1.104011
86.22	100.8594	1.008594	1.104776
86.4	100.8589	1.008589	1.105544
86.58	100.8583	1.008583	1.106316
86.76	100.8578	1.008578	1.10709
86.94	100.8572	1.008572	1.107867
87.12	100.8566	1.008566	1.108647
87.3	100.8561	1.008561	1.10943
87.48	100.8555	1.008555	1.110216
87.66	100.855	1.00855	1.111005
87.84	100.8544	1.008544	1.111798
88.02	100.8538	1.008538	1.112593
88.2	100.8533	1.008533	1.113391
88.38	100.8527	1.008527	1.114193
88.56	100.8521	1.008521	1.114997
88.74	100.8516	1.008516	1.115804
88.92	100.851	1.00851	1.116615
89.1	100.8504	1.008504	1.117429
89.28	100.8498	1.008498	1.118245
89.46	100.8493	1.008493	1.119065
89.64	100.8487	1.008487	1.119888
89.82	100.8481	1.008481	1.120714
90	100.8475	1.008475	1.121543
90.18	100.847	1.00847	1.122376
90.36	100.8464	1.008464	1.123211
90.54	100.8458	1.008458	1.12405
90.72	100.8452	1.008452	1.124892
90.9	100.8446	1.008446	1.125737
91.08	100.844	1.00844	1.126585
91.26	100.8435	1.008435	1.127436
91.44	100.8429	1.008429	1.12829
91.62	100.8423	1.008423	1.129148
91.8	100.8417	1.008417	1.130009
91.98	100.8411	1.008411	1.130873
92.16	100.8405	1.008405	1.131741
92.34	100.8399	1.008399	1.132611
92.52	100.8393	1.008393	1.133485
92.7	100.8387	1.008387	1.134362
92.88	100.8381	1.008381	1.135243
93.06	100.8375	1.008375	1.136126
93.24	100.8369	1.008369	1.137013
93.42	100.8363	1.008363	1.137903
93.6	100.8357	1.008357	1.138797
93.78	100.8351	1.008351	1.139694
93.96	100.8345	1.008345	1.140594
94.14	100.8339	1.008339	1.141497
94.32	100.8333	1.008333	1.142404
94.5	100.8327	1.008327	1.143314
94.68	100.8321	1.008321	1.144228
94.86	100.8315	1.008315	1.145145
95.04	100.8309	1.008309	1.146065
95.22	100.8302	1.008302	1.146989
95.4	100.8296	1.008296	1.147916
95.58	100.829	1.00829	1.148846
95.76	100.8284	1.008284	1.14978
95.94	100.8278	1.008278	1.150717
96.12	100.8272	1.008272	1.151658
96.3	100.8266	1.008266	1.152602
96.48	100.8259	1.008259	1.153549
96.66	100.8253	1.008253	1.1545
96.84	100.8247	1.008247	1.155455
97.02	100.8241	1.008241	1.156413
97.2	100.8235	1.008235	1.157374
97.38	100.8228	1.008228	1.158339
97.56	100.8222	1.008222	1.159308
97.74	100.8216	1.008216	1.16028
97.92	100.821	1.00821	1.161255
98.1	100.8204	1.008204	1.162234
98.28	100.8197	1.008197	1.163217
98.46	100.8191	1.008191	1.164203
98.64	100.8185	1.008185	1.165192
98.82	100.8179	1.008179	1.166186
99	100.8172	1.008172	1.167183
99.18	100.8166	1.008166	1.168183
99.36	100.816	1.00816	1.169187
99.54	100.8153	1.008153	1.170195
99.72	100.8147	1.008147	1.171206
99.9	100.8141	1.008141	1.172221
100.08	100.8135	1.008135	1.173239
100.26	100.8128	1.008128	1.174262
100.44	100.8122	1.008122	1.175287
100.62	100.8116	1.008116	1.176317
100.8	100.8109	1.008109	1.17735
100.98	100.8103	1.008103	1.178387
101.16	100.8097	1.008097	1.179428
101.34	100.809	1.00809	1.180472
101.52	100.8084	1.008084	1.18152
101.7	100.8077	1.008077	1.182572
101.88	100.8071	1.008071	1.183628
102.06	100.8065	1.008065	1.184687
102.24	100.8058	1.008058	1.18575
102.42	100.8052	1.008052	1.186817
102.6	100.8046	1.008046	1.187888
102.78	100.8039	1.008039	1.188962
102.96	100.8033	1.008033	1.190041
103.14	100.8027	1.008027	1.191123
103.32	100.802	1.00802	1.192209
103.5	100.8014	1.008014	1.193299
103.68	100.8007	1.008007	1.194392
103.86	100.8001	1.008001	1.19549
104.04	100.7995	1.007995	1.196591
104.22	100.7988	1.007988	1.197697
104.4	100.7982	1.007982	1.198806
104.58	100.7975	1.007975	1.199919
104.76	100.7969	1.007969	1.201036
104.94	100.7963	1.007963	1.202157
105.12	100.7956	1.007956	1.203282
105.3	100.795	1.00795	1.204411
105.48	100.7943	1.007943	1.205544
105.66	100.7937	1.007937	1.206681
105.84	100.793	1.00793	1.207822
106.02	100.7924	1.007924	1.208967
106.2	100.7918	1.007918	1.210116
106.38	100.7911	1.007911	1.211269
106.56	100.7905	1.007905	1.212426
106.74	100.7898	1.007898	1.213587
106.92	100.7892	1.007892	1.214752
107.1	100.7886	1.007886	1.215921
107.28	100.7879	1.007879	1.217095
107.46	100.7873	1.007873	1.218272
107.64	100.7866	1.007866	1.219454
107.82	100.786	1.00786	1.220639
108	100.7853	1.007853	1.221829
108.18	100.7847	1.007847	1.223023
108.36	100.7841	1.007841	1.224221
108.54	100.7834	1.007834	1.225424
108.72	100.7828	1.007828	1.22663
108.9	100.7821	1.007821	1.227841
109.08	100.7815	1.007815	1.229056
109.26	100.7809	1.007809	1.230275
109.44	100.7802	1.007802	1.231499
109.62	100.7796	1.007796	1.232726
109.8	100.7789	1.007789	1.233958
109.98	100.7783	1.007783	1.235195
110.16	100.7777	1.007777	1.236435
110.34	100.777	1.00777	1.23768
110.52	100.7764	1.007764	1.238929
110.7	100.7757	1.007757	1.240183
110.88	100.7751	1.007751	1.241441
111.06	100.7745	1.007745	1.242703
111.24	100.7738	1.007738	1.24397
111.42	100.7732	1.007732	1.245241
111.6	100.7726	1.007726	1.246516
111.78	100.7719	1.007719	1.247796
111.96	100.7713	1.007713	1.24908
112.14	100.7707	1.007707	1.250369
112.32	100.77	1.0077	1.251662
112.5	100.7694	1.007694	1.25296
112.68	100.7688	1.007688	1.254262
112.86	100.7681	1.007681	1.255569
113.04	100.7675	1.007675	1.25688
113.22	100.7669	1.007669	1.258196
113.4	100.7662	1.007662	1.259516
113.58	100.7656	1.007656	1.260841
113.76	100.765	1.00765	1.26217
113.94	100.7643	1.007643	1.263504
114.12	100.7637	1.007637	1.264843
114.3	100.7631	1.007631	1.266186
114.48	100.7625	1.007625	1.267534
114.66	100.7618	1.007618	1.268886
114.84	100.7612	1.007612	1.270243
115.02	100.7606	1.007606	1.271605
115.2	100.76	1.0076	1.272972
115.38	100.7593	1.007593	1.274343
115.56	100.7587	1.007587	1.275719
115.74	100.7581	1.007581	1.277099
115.92	100.7575	1.007575	1.278485
116.1	100.7568	1.007568	1.279875
116.28	100.7562	1.007562	1.28127
116.46	100.7556	1.007556	1.28267
116.64	100.755	1.00755	1.284074
116.82	100.7544	1.007544	1.285483
117	100.7537	1.007537	1.286898
117.18	100.7531	1.007531	1.288317
117.36	100.7525	1.007525	1.289741
117.54	100.7519	1.007519	1.29117
117.72	100.7513	1.007513	1.292603
117.9	100.7507	1.007507	1.294042
118.08	100.7501	1.007501	1.295485
118.26	100.7495	1.007495	1.296934
118.44	100.7489	1.007489	1.298387
118.62	100.7482	1.007482	1.299846
118.8	100.7476	1.007476	1.301309
118.98	100.747	1.00747	1.302778
119.16	100.7464	1.007464	1.304251
119.34	100.7458	1.007458	1.30573
119.52	100.7452	1.007452	1.307214
119.7	100.7446	1.007446	1.308702
119.88	100.744	1.00744	1.310196
120.06	100.7434	1.007434	1.311695
120.24	100.7428	1.007428	1.313199
120.42	100.7422	1.007422	1.314709
120.6	100.7416	1.007416	1.316223
120.78	100.741	1.00741	1.317743
120.96	100.7404	1.007404	1.319267
121.14	100.7399	1.007399	1.320797
121.32	100.7393	1.007393	1.322333
121.5	100.7387	1.007387	1.323873
121.68	100.7381	1.007381	1.325419
121.86	100.7375	1.007375	1.32697
122.04	100.7369	1.007369	1.328526
122.22	100.7363	1.007363	1.330088
122.4	100.7358	1.007358	1.331655
122.58	100.7352	1.007352	1.333227
122.76	100.7346	1.007346	1.334805
122.94	100.734	1.00734	1.336388
123.12	100.7334	1.007334	1.337977
123.3	100.7329	1.007329	1.339571
123.48	100.7323	1.007323	1.34117
123.66	100.7317	1.007317	1.342775
123.84	100.7312	1.007312	1.344385
124.02	100.7306	1.007306	1.346001
124.2	100.73	1.0073	1.347623
124.38	100.7295	1.007295	1.349249
124.56	100.7289	1.007289	1.350882
124.74	100.7283	1.007283	1.35252
124.92	100.7278	1.007278	1.354164
125.1	100.7272	1.007272	1.355813
125.28	100.7266	1.007266	1.357468
125.46	100.7261	1.007261	1.359129
125.64	100.7255	1.007255	1.360795
125.82	100.725	1.00725	1.362467
126	100.7244	1.007244	1.364144
126.18	100.7239	1.007239	1.365828
126.36	100.7233	1.007233	1.367517
126.54	100.7228	1.007228	1.369212
126.72	100.7222	1.007222	1.370913
126.9	100.7217	1.007217	1.372619
127.08	100.7212	1.007212	1.374332
127.26	100.7206	1.007206	1.37605
127.44	100.7201	1.007201	1.377774
127.62	100.7196	1.007196	1.379504
127.8	100.719	1.00719	1.38124
127.98	100.7185	1.007185	1.382982
128.16	100.718	1.00718	1.384729
128.34	100.7174	1.007174	1.386483
128.52	100.7169	1.007169	1.388243
128.7	100.7164	1.007164	1.390009
128.88	100.7159	1.007159	1.391781
129.06	100.7154	1.007154	1.393558
129.24	100.7148	1.007148	1.395342
129.42	100.7143	1.007143	1.397133
129.6	100.7138	1.007138	1.398929
129.78	100.7133	1.007133	1.400731
129.96	100.7128	1.007128	1.40254
130.14	100.7123	1.007123	1.404354
130.32	100.7118	1.007118	1.406175
130.5	100.7113	1.007113	1.408002
130.68	100.7108	1.007108	1.409836
130.86	100.7103	1.007103	1.411675
131.04	100.7098	1.007098	1.413521
131.22	100.7093	1.007093	1.415373
131.4	100.7088	1.007088	1.417232
131.58	100.7083	1.007083	1.419097
131.76	100.7078	1.007078	1.420968
131.94	100.7073	1.007073	1.422846
132.12	100.7068	1.007068	1.42473
132.3	100.7064	1.007064	1.426621
132.48	100.7059	1.007059	1.428518
132.66	100.7054	1.007054	1.430422
132.84	100.7049	1.007049	1.432332
133.02	100.7045	1.007045	1.434249
133.2	100.704	1.00704	1.436172
133.38	100.7035	1.007035	1.438102
133.56	100.7031	1.007031	1.440039
133.74	100.7026	1.007026	1.441982
133.92	100.7021	1.007021	1.443932
134.1	100.7017	1.007017	1.445888
134.28	100.7012	1.007012	1.447852
134.46	100.7008	1.007008	1.449822
134.64	100.7003	1.007003	1.451798
134.82	100.6999	1.006999	1.453782
135	100.6994	1.006994	1.455772
135.18	100.699	1.00699	1.457769
135.36	100.6985	1.006985	1.459774
135.54	100.6981	1.006981	1.461785
135.72	100.6977	1.006977	1.463802
135.9	100.6972	1.006972	1.465827
136.08	100.6968	1.006968	1.467859
136.26	100.6964	1.006964	1.469898
136.44	100.696	1.00696	1.471944
136.62	100.6955	1.006955	1.473997
136.8	100.6951	1.006951	1.476057
136.98	100.6947	1.006947	1.478124
137.16	100.6943	1.006943	1.480198
137.34	100.6939	1.006939	1.482279
137.52	100.6935	1.006935	1.484367
137.7	100.6931	1.006931	1.486463
137.88	100.6927	1.006927	1.488566
138.06	100.6923	1.006923	1.490676
138.24	100.6919	1.006919	1.492794
138.42	100.6915	1.006915	1.494918
138.6	100.6911	1.006911	1.49705
138.78	100.6907	1.006907	1.49919
138.96	100.6903	1.006903	1.501337
139.14	100.6899	1.006899	1.503491
139.32	100.6895	1.006895	1.505653
139.5	100.6891	1.006891	1.507822
139.68	100.6888	1.006888	1.509999
139.86	100.6884	1.006884	1.512183
140.04	100.688	1.00688	1.514375
140.22	100.6877	1.006877	1.516574
140.4	100.6873	1.006873	1.518781
140.58	100.6869	1.006869	1.520996
140.76	100.6866	1.006866	1.523218
140.94	100.6862	1.006862	1.525448
141.12	100.6859	1.006859	1.527686
141.3	100.6855	1.006855	1.529931
141.48	100.6852	1.006852	1.532185
141.66	100.6848	1.006848	1.534446
141.84	100.6845	1.006845	1.536715
142.02	100.6842	1.006842	1.538992
142.2	100.6838	1.006838	1.541276
142.38	100.6835	1.006835	1.543569
142.56	100.6832	1.006832	1.54587
142.74	100.6828	1.006828	1.548178
142.92	100.6825	1.006825	1.550495
143.1	100.6822	1.006822	1.55282
143.28	100.6819	1.006819	1.555153
143.46	100.6816	1.006816	1.557494
143.64	100.6812	1.006812	1.559843
143.82	100.6809	1.006809	1.5622
144	100.6806	1.006806	1.564566
144.18	100.6803	1.006803	1.56694
144.36	100.68	1.0068	1.569322
144.54	100.6797	1.006797	1.571712
144.72	100.6795	1.006795	1.574111
144.9	100.6792	1.006792	1.576518
145.08	100.6789	1.006789	1.578934
145.26	100.6786	1.006786	1.581358
145.44	100.6783	1.006783	1.58379
145.62	100.678	1.00678	1.586231
145.8	100.6778	1.006778	1.588681
145.98	100.6775	1.006775	1.591139
146.16	100.6772	1.006772	1.593606
146.34	100.677	1.00677	1.596081
146.52	100.6767	1.006767	1.598565
146.7	100.6765	1.006765	1.601058
146.88	100.6762	1.006762	1.60356
147.06	100.676	1.00676	1.60607
147.24	100.6757	1.006757	1.608589
147.42	100.6755	1.006755	1.611117
147.6	100.6752	1.006752	1.613654
147.78	100.675	1.00675	1.6162
147.96	100.6748	1.006748	1.618755
148.14	100.6745	1.006745	1.621318
148.32	100.6743	1.006743	1.623891
148.5	100.6741	1.006741	1.626473
148.68	100.6739	1.006739	1.629064
148.86	100.6737	1.006737	1.631664
149.04	100.6735	1.006735	1.634273
149.22	100.6732	1.006732	1.636892
149.4	100.673	1.00673	1.63952
149.58	100.6728	1.006728	1.642157
149.76	100.6726	1.006726	1.644803
149.94	100.6724	1.006724	1.647459
150.12	100.6723	1.006723	1.650124
150.3	100.6721	1.006721	1.652798
150.48	100.6719	1.006719	1.655482
150.66	100.6717	1.006717	1.658176
150.84	100.6715	1.006715	1.660879
151.02	100.6714	1.006714	1.663592
151.2	100.6712	1.006712	1.666314
151.38	100.671	1.00671	1.669046
151.56	100.6709	1.006709	1.671788
151.74	100.6707	1.006707	1.674539
151.92	100.6705	1.006705	1.6773
152.1	100.6704	1.006704	1.680071
152.28	100.6702	1.006702	1.682852
152.46	100.6701	1.006701	1.685643
152.64	100.67	1.0067	1.688444
152.82	100.6698	1.006698	1.691254
153	100.6697	1.006697	1.694075
153.18	100.6696	1.006696	1.696906
153.36	100.6694	1.006694	1.699747
153.54	100.6693	1.006693	1.702598
153.72	100.6692	1.006692	1.705459
153.9	100.6691	1.006691	1.708331
154.08	100.669	1.00669	1.711212
154.26	100.6689	1.006689	1.714104
154.44	100.6688	1.006688	1.717007
154.62	100.6687	1.006687	1.71992
154.8	100.6686	1.006686	1.722843
154.98	100.6685	1.006685	1.725777
155.16	100.6684	1.006684	1.728721
155.34	100.6683	1.006683	1.731676
155.52	100.6682	1.006682	1.734641
155.7	100.6681	1.006681	1.737618
155.88	100.6681	1.006681	1.740604
156.06	100.668	1.00668	1.743602
156.24	100.6679	1.006679	1.746611
156.42	100.6679	1.006679	1.74963
156.6	100.6678	1.006678	1.75266
156.78	100.6677	1.006677	1.755701
156.96	100.6677	1.006677	1.758753
157.14	100.6676	1.006676	1.761816
157.32	100.6676	1.006676	1.76489
157.5	100.6676	1.006676	1.767976
157.68	100.6675	1.006675	1.771072
157.86	100.6675	1.006675	1.77418
158.04	100.6675	1.006675	1.777299
158.22	100.6674	1.006674	1.780429
158.4	100.6674	1.006674	1.78357
158.58	100.6674	1.006674	1.786723
158.76	100.6674	1.006674	1.789888
158.94	100.6674	1.006674	1.793064
159.12	100.6674	1.006674	1.796251
159.3	100.6674	1.006674	1.79945
159.48	100.6674	1.006674	1.802661
159.66	100.6674	1.006674	1.805883
159.84	100.6674	1.006674	1.809118
160.02	100.6674	1.006674	1.812364
160.2	100.6674	1.006674	1.815621
160.38	100.6674	1.006674	1.818891
160.56	100.6675	1.006675	1.822173
160.74	100.6675	1.006675	1.825466
160.92	100.6675	1.006675	1.828772
161.1	100.6676	1.006676	1.83209
161.28	100.6676	1.006676	1.83542
161.46	100.6677	1.006677	1.838762
161.64	100.6677	1.006677	1.842116
161.82	100.6678	1.006678	1.845483
162	100.6678	1.006678	1.848862
162.18	100.6679	1.006679	1.852254
162.36	100.6679	1.006679	1.855658
162.54	100.668	1.00668	1.859074
162.72	100.6681	1.006681	1.862503
162.9	100.6682	1.006682	1.865945
163.08	100.6682	1.006682	1.869399
163.26	100.6683	1.006683	1.872867
163.44	100.6684	1.006684	1.876347
163.62	100.6685	1.006685	1.879839
163.8	100.6686	1.006686	1.883345
163.98	100.6687	1.006687	1.886864
164.16	100.6688	1.006688	1.890396
164.34	100.6689	1.006689	1.89394
164.52	100.669	1.00669	1.897498
164.7	100.6691	1.006691	1.901069
164.88	100.6693	1.006693	1.904654
165.06	100.6694	1.006694	1.908251
165.24	100.6695	1.006695	1.911863
165.42	100.6696	1.006696	1.915487
165.6	100.6698	1.006698	1.919125
165.78	100.6699	1.006699	1.922777
165.96	100.6701	1.006701	1.926442
166.14	100.6702	1.006702	1.930121
166.32	100.6704	1.006704	1.933813
166.5	100.6705	1.006705	1.93752
166.68	100.6707	1.006707	1.94124
166.86	100.6709	1.006709	1.944974
167.04	100.671	1.00671	1.948722
167.22	100.6712	1.006712	1.952484
167.4	100.6713	1.006713	1.95626
167.58	100.6715	1.006715	1.960051
167.76	100.6717	1.006717	1.963855
167.94	100.6719	1.006719	1.967674
168.12	100.6721	1.006721	1.971508
168.3	100.6723	1.006723	1.975355
168.48	100.6725	1.006725	1.979218
168.66	100.6727	1.006727	1.983094
168.84	100.6729	1.006729	1.986986
169.02	100.6731	1.006731	1.990892
169.2	100.6733	1.006733	1.994813
169.38	100.6736	1.006736	1.998748
169.56	100.6738	1.006738	2.002699
169.74	100.674	1.00674	2.006664
169.92	100.6742	1.006742	2.010644
170.1	100.6745	1.006745	2.01464
170.28	100.6747	1.006747	2.018651
170.46	100.6749	1.006749	2.022677
170.64	100.6752	1.006752	2.026718
170.82	100.6754	1.006754	2.030774
171	100.6757	1.006757	2.034846
171.18	100.676	1.00676	2.038934
171.36	100.6762	1.006762	2.043037
171.54	100.6765	1.006765	2.047156
171.72	100.6768	1.006768	2.05129
171.9	100.677	1.00677	2.05544
172.08	100.6773	1.006773	2.059606
172.26	100.6776	1.006776	2.063788
172.44	100.6779	1.006779	2.067987
172.62	100.6782	1.006782	2.072201
172.8	100.6784	1.006784	2.076431
172.98	100.6787	1.006787	2.080678
173.16	100.6791	1.006791	2.08494
173.34	100.6793	1.006793	2.08922
173.52	100.6796	1.006796	2.093516
173.7	100.68	1.0068	2.097828
173.88	100.6803	1.006803	2.102156
174.06	100.6806	1.006806	2.106502
174.24	100.6809	1.006809	2.110865
174.42	100.6813	1.006813	2.115243
174.6	100.6816	1.006816	2.11964
174.78	100.6818	1.006818	2.124054
174.96	100.6822	1.006822	2.128483
175.14	100.6826	1.006826	2.132931
175.32	100.6829	1.006829	2.137395
175.5	100.6832	1.006832	2.141878
175.68	100.6835	1.006835	2.146378
175.86	100.684	1.00684	2.150894
176.04	100.6843	1.006843	2.155429
176.22	100.6847	1.006847	2.159981
176.4	100.685	1.00685	2.164552
176.58	100.6852	1.006852	2.169141
176.76	100.6857	1.006857	2.173746
176.94	100.6862	1.006862	2.17837
177.12	100.6865	1.006865	2.183011
177.3	100.6869	1.006869	2.187672
177.48	100.6872	1.006872	2.192351
177.66	100.6875	1.006875	2.19705
177.84	100.6877	1.006877	2.201767
178.02	100.688	1.00688	2.206503
178.2	100.6883	1.006883	2.211259
178.38	100.6885	1.006885	2.216034
178.56	100.6893	1.006893	2.220823
178.74	100.6899	1.006899	2.225631
178.92	100.6904	1.006904	2.230459
179.1	100.6908	1.006908	2.235306
179.28	100.6911	1.006911	2.240173
179.46	100.6914	1.006914	2.245061
179.64	100.6917	1.006917	2.249969
179.82	100.692	1.00692	2.254897
180	100.6922	1.006922	2.259845
180.18	100.6925	1.006925	2.264814
180.36	100.6927	1.006927	2.269803
180.54	100.693	1.00693	2.274813
180.72	100.6932	1.006932	2.279844
180.9	100.6935	1.006935	2.284896
181.08	100.6937	1.006937	2.289968
181.26	100.694	1.00694	2.295062
181.44	100.6942	1.006942	2.300177
181.62	100.6945	1.006945	2.305313
181.8	100.6948	1.006948	2.310471
181.98	100.695	1.00695	2.31565
182.16	100.6953	1.006953	2.320851
182.34	100.6956	1.006956	2.326074
182.52	100.6958	1.006958	2.331318
182.7	100.6961	1.006961	2.336584
182.88	100.6964	1.006964	2.341873
183.06	100.6967	1.006967	2.347184
183.24	100.697	1.00697	2.352516
183.42	100.6972	1.006972	2.357872
183.6	100.6979	1.006979	2.363245
183.78	100.6984	1.006984	2.368641
183.96	100.6989	1.006989	2.374059
184.14	100.6993	1.006993	2.379501
184.32	100.6997	1.006997	2.384965
184.5	100.7001	1.007001	2.390453
184.68	100.7005	1.007005	2.395963
184.86	100.7008	1.007008	2.401497
185.04	100.7011	1.007011	2.407055
185.22	100.7015	1.007015	2.412636
185.4	100.7018	1.007018	2.41824
185.58	100.7021	1.007021	2.423869
185.76	100.7025	1.007025	2.429521
185.94	100.7028	1.007028	2.435198
186.12	100.7032	1.007032	2.440898
186.3	100.7035	1.007035	2.446623
186.48	100.7038	1.007038	2.452373
186.66	100.7042	1.007042	2.458147
186.84	100.7045	1.007045	2.463946
187.02	100.7049	1.007049	2.469769
187.2	100.7053	1.007053	2.475618
187.38	100.7056	1.007056	2.481491
187.56	100.706	1.00706	2.48739
187.74	100.7063	1.007063	2.493314
187.92	100.7067	1.007067	2.499264
188.1	100.7071	1.007071	2.505239
188.28	100.7075	1.007075	2.511241
188.46	100.7078	1.007078	2.517268
188.64	100.7082	1.007082	2.523321
188.82	100.7086	1.007086	2.5294
189	100.709	1.00709	2.535505
189.18	100.7094	1.007094	2.541637
189.36	100.7098	1.007098	2.547796
189.54	100.7102	1.007102	2.553981
189.72	100.7106	1.007106	2.560193
189.9	100.711	1.00711	2.566432
190.08	100.7114	1.007114	2.572699
190.26	100.7118	1.007118	2.578992
190.44	100.7122	1.007122	2.585313
190.62	100.7126	1.007126	2.591662
190.8	100.713	1.00713	2.598038
190.98	100.7134	1.007134	2.604443
191.16	100.7139	1.007139	2.610875
191.34	100.7143	1.007143	2.617336
191.52	100.7147	1.007147	2.623825
191.7	100.7152	1.007152	2.630342
191.88	100.7156	1.007156	2.636888
192.06	100.716	1.00716	2.643463
192.24	100.7165	1.007165	2.650067
192.42	100.7169	1.007169	2.6567
192.6	100.7174	1.007174	2.663362
192.78	100.7178	1.007178	2.670054
192.96	100.7183	1.007183	2.676775
193.14	100.7187	1.007187	2.683526
193.32	100.7192	1.007192	2.690307
193.5	100.7196	1.007196	2.697118
193.68	100.7201	1.007201	2.70396
193.86	100.7206	1.007206	2.710831
194.04	100.7211	1.007211	2.717734
194.22	100.7215	1.007215	2.724667
194.4	100.722	1.00722	2.731631
194.58	100.7225	1.007225	2.738626
194.76	100.7229	1.007229	2.745653
194.94	100.7234	1.007234	2.752711
195.12	100.7239	1.007239	2.7598
195.3	100.7244	1.007244	2.766921
195.48	100.7249	1.007249	2.774074
195.66	100.7254	1.007254	2.781259
195.84	100.7259	1.007259	2.788476
196.02	100.7264	1.007264	2.795724
196.2	100.7269	1.007269	2.803003
196.38	100.7274	1.007274	2.810311
196.56	100.7279	1.007279	2.817648
196.74	100.7284	1.007284	2.825012
196.92	100.7289	1.007289	2.832401
197.1	100.7294	1.007294	2.839814
197.28	100.73	1.0073	2.847247
197.46	100.7305	1.007305	2.854698
197.64	100.731	1.00731	2.862163
197.82	100.7315	1.007315	2.869637
198	100.7321	1.007321	2.877117
198.18	100.7326	1.007326	2.884597
198.36	100.7331	1.007331	2.89207
198.54	100.7336	1.007336	2.89953
198.72	100.7342	1.007342	2.90697
198.9	100.7347	1.007347	2.91438
199.08	100.7352	1.007352	2.921753
199.26	100.7357	1.007357	2.929076
199.44	100.7363	1.007363	2.93634
199.62	100.7368	1.007368	2.943533
199.8	100.7373	1.007373	2.950642
199.98	100.7379	1.007379	2.957654
200.16	100.7384	1.007384	2.964553
200.34	100.7389	1.007389	2.971327
200.52	100.7394	1.007394	2.977957
200.7	100.7399	1.007399	2.984428
200.88	100.7404	1.007404	2.990723
201.06	100.7409	1.007409	2.996823
201.24	100.7414	1.007414	3.00271
201.42	100.7419	1.007419	3.008366
201.6	100.7423	1.007423	3.013771
201.78	100.7428	1.007428	3.018906
201.96	100.7433	1.007433	3.023749
202.14	100.7437	1.007437	3.028282
202.32	100.7441	1.007441	3.032484
202.5	100.7445	1.007445	3.036334
202.68	100.7449	1.007449	3.039812
202.86	100.7453	1.007453	3.042898
203.04	100.7457	1.007457	3.045571
203.22	100.7461	1.007461	3.047813
203.4	100.7464	1.007464	3.049604
203.58	100.7467	1.007467	3.050925
203.76	100.747	1.00747	3.051758
203.94	100.7473	1.007473	3.052087
204.12	100.7476	1.007476	3.051894
204.3	100.7479	1.007479	3.051166
204.48	100.7481	1.007481	3.049887
204.66	100.7483	1.007483	3.048045
204.84	100.7484	1.007484	3.045628
205.02	100.7486	1.007486	3.042626
205.2	100.7487	1.007487	3.039031
205.38	100.7488	1.007488	3.034836
205.56	100.7489	1.007489	3.030036
205.74	100.749	1.00749	3.024628
205.92	100.749	1.00749	3.01861
206.1	100.749	1.00749	3.011984
206.28	100.749	1.00749	3.004752
206.46	100.749	1.00749	2.996919
206.64	100.7489	1.007489	2.988494
206.82	100.7488	1.007488	2.979484
207	100.7487	1.007487	2.969902
207.18	100.7485	1.007485	2.959763
207.36	100.7484	1.007484	2.949081
207.54	100.7482	1.007482	2.937875
207.72	100.7479	1.007479	2.926167
207.9	100.7477	1.007477	2.913978
208.08	100.7474	1.007474	2.901334
208.26	100.7471	1.007471	2.888262
208.44	100.7468	1.007468	2.87479
208.62	100.7465	1.007465	2.860949
208.8	100.7461	1.007461	2.846772
208.98	100.7458	1.007458	2.832292
209.16	100.7454	1.007454	2.817545
209.34	100.745	1.00745	2.802568
209.52	100.7446	1.007446	2.7874
209.7	100.7441	1.007441	2.772079
209.88	100.7437	1.007437	2.756645
210.06	100.7432	1.007432	2.741139
210.24	100.7428	1.007428	2.725604
210.42	100.7423	1.007423	2.71008
210.6	100.7418	1.007418	2.694609
210.78	100.7414	1.007414	2.679235
210.96	100.7409	1.007409	2.663999
211.14	100.7404	1.007404	2.648943
211.32	100.74	1.0074	2.634108
211.5	100.7395	1.007395	2.619535
211.68	100.7391	1.007391	2.605263
211.86	100.7386	1.007386	2.591331
212.04	100.7382	1.007382	2.577777
212.22	100.7378	1.007378	2.564636
212.4	100.7374	1.007374	2.551943
212.58	100.737	1.00737	2.53973
212.76	100.7366	1.007366	2.528026
212.94	100.7363	1.007363	2.51686
213.12	100.736	1.00736	2.506256
213.3	100.7357	1.007357	2.496235
213.48	100.7355	1.007355	2.486816
213.66	100.7352	1.007352	2.478013
213.84	100.735	1.00735	2.469835
214.02	100.7349	1.007349	2.46229
214.2	100.7347	1.007347	2.455376
214.38	100.7346	1.007346	2.44909
214.56	100.7346	1.007346	2.443419
214.74	100.7345	1.007345	2.438349
214.92	100.7345	1.007345	2.433856
215.1	100.7346	1.007346	2.429913
215.28	100.7347	1.007347	2.426485
215.46	100.7348	1.007348	2.423534
215.64	100.7349	1.007349	2.421018
215.82	100.7351	1.007351	2.418892
216	100.7352	1.007352	2.41711
216.18	100.7355	1.007355	2.415627
216.36	100.7357	1.007357	2.414399
216.54	100.7359	1.007359	2.413387
216.72	100.7362	1.007362	2.412553
216.9	100.7365	1.007365	2.411865
217.08	100.7368	1.007368	2.411295
217.26	100.7372	1.007372	2.410821
217.44	100.7375	1.007375	2.410423
217.62	100.7378	1.007378	2.410086
217.8	100.7382	1.007382	2.409797
217.98	100.7385	1.007385	2.409546
218.16	100.7389	1.007389	2.409327
218.34	100.7393	1.007393	2.409131
218.52	100.7397	1.007397	2.408957
218.7	100.74	1.0074	2.408798
218.88	100.7404	1.007404	2.408654
219.06	100.7408	1.007408	2.408522
219.24	100.7412	1.007412	2.4084
219.42	100.7416	1.007416	2.408287
219.6	100.742	1.00742	2.408181
219.78	100.7424	1.007424	2.408084
219.96	100.7428	1.007428	2.407992
220.14	100.7432	1.007432	2.407907
220.32	100.7436	1.007436	2.407828
220.5	100.744	1.00744	2.407754
220.68	100.7444	1.007444	2.407685
220.86	100.7448	1.007448	2.407621
221.04	100.7452	1.007452	2.407562
221.22	100.7457	1.007457	2.407507
221.4	100.7461	1.007461	2.407456
221.58	100.7465	1.007465	2.407409
221.76	100.7469	1.007469	2.407367
221.94	100.7473	1.007473	2.407328
222.12	100.7478	1.007478	2.407293
222.3	100.7482	1.007482	2.407262
222.48	100.7486	1.007486	2.407234
222.66	100.749	1.00749	2.407209
222.84	100.7495	1.007495	2.407188
223.02	100.7499	1.007499	2.40717
223.2	100.7503	1.007503	2.407156
223.38	100.7508	1.007508	2.407144
223.56	100.7512	1.007512	2.407136
223.74	100.7517	1.007517	2.40713
223.92	100.7521	1.007521	2.407128
224.1	100.7525	1.007525	2.407129
224.28	100.753	1.00753	2.407132
224.46	100.7534	1.007534	2.407138
224.64	100.7539	1.007539	2.407147
224.82	100.7543	1.007543	2.407159
225	100.7548	1.007548	2.407174
225.18	100.7552	1.007552	2.407192
225.36	100.7557	1.007557	2.407212
225.54	100.7561	1.007561	2.407235
225.72	100.7566	1.007566	2.407261
225.9	100.7571	1.007571	2.407289
226.08	100.7575	1.007575	2.40732
226.26	100.758	1.00758	2.407354
226.44	100.7584	1.007584	2.407391
226.62	100.7589	1.007589	2.40743
226.8	100.7594	1.007594	2.407472
226.98	100.7598	1.007598	2.407517
227.16	100.7603	1.007603	2.407565
227.34	100.7608	1.007608	2.407615
227.52	100.7612	1.007612	2.407669
227.7	100.7617	1.007617	2.407725
227.88	100.7622	1.007622	2.407784
228.06	100.7626	1.007626	2.407845
228.24	100.7631	1.007631	2.40791
228.42	100.7636	1.007636	2.407978
228.6	100.7641	1.007641	2.408049
228.78	100.7645	1.007645	2.408122
228.96	100.765	1.00765	2.408199
229.14	100.7655	1.007655	2.408279
229.32	100.766	1.00766	2.408362
229.5	100.7665	1.007665	2.408448
229.68	100.767	1.00767	2.408538
229.86	100.7674	1.007674	2.40863
230.04	100.7679	1.007679	2.408727
230.22	100.7684	1.007684	2.408826
230.4	100.7689	1.007689	2.408929
230.58	100.7694	1.007694	2.409036
230.76	100.7699	1.007699	2.409146
230.94	100.7704	1.007704	2.409261
231.12	100.7709	1.007709	2.409378
231.3	100.7714	1.007714	2.4095
231.48	100.7719	1.007719	2.409626
231.66	100.7724	1.007724	2.409756
231.84	100.7729	1.007729	2.40989
232.02	100.7734	1.007734	2.410028
232.2	100.7739	1.007739	2.410171
232.38	100.7744	1.007744	2.410318
232.56	100.7749	1.007749	2.41047
232.74	100.7754	1.007754	2.410626
232.92	100.7759	1.007759	2.410787
233.1	100.7764	1.007764	2.410954
233.28	100.7769	1.007769	2.411125
233.46	100.7774	1.007774	2.411301
233.64	100.7779	1.007779	2.411483
233.82	100.7784	1.007784	2.41167
234	100.7789	1.007789	2.411863
234.18	100.7794	1.007794	2.412062
234.36	100.7799	1.007799	2.412267
234.54	100.7805	1.007805	2.412478
234.72	100.781	1.00781	2.412695
234.9	100.7815	1.007815	2.412919
235.08	100.782	1.00782	2.41315
235.26	100.7825	1.007825	2.413387
235.44	100.783	1.00783	2.413632
235.62	100.7835	1.007835	2.413884
235.8	100.7841	1.007841	2.414143
235.98	100.7846	1.007846	2.41441
236.16	100.7851	1.007851	2.414686
236.34	100.7856	1.007856	2.414969
236.52	100.7862	1.007862	2.415261
236.7	100.7867	1.007867	2.415562
236.88	100.7872	1.007872	2.415872
237.06	100.7877	1.007877	2.416191
237.24	100.7883	1.007883	2.41652
237.42	100.7888	1.007888	2.416859
237.6	100.7893	1.007893	2.417208
237.78	100.7898	1.007898	2.417568
237.96	100.7904	1.007904	2.417939
238.14	100.7909	1.007909	2.418321
238.32	100.7914	1.007914	2.418715
238.5	100.792	1.00792	2.419121
238.68	100.7925	1.007925	2.41954
238.86	100.793	1.00793	2.419971
239.04	100.7936	1.007936	2.420416
239.22	100.7941	1.007941	2.420875
239.4	100.7947	1.007947	2.421348
239.58	100.7952	1.007952	2.421835
239.76	100.7957	1.007957	2.422338
239.94	100.7963	1.007963	2.422857
240.12	100.7968	1.007968	2.423392
240.3	100.7974	1.007974	2.423944
240.48	100.7979	1.007979	2.424513
240.66	100.7985	1.007985	2.4251
240.84	100.799	1.00799	2.425706
241.02	100.7996	1.007996	2.426331
241.2	100.8001	1.008001	2.426977
241.38	100.8007	1.008007	2.427643
241.56	100.8012	1.008012	2.42833
241.74	100.8017	1.008017	2.429039
241.92	100.8023	1.008023	2.429772
242.1	100.8029	1.008029	2.430528
242.28	100.8034	1.008034	2.431308
242.46	100.804	1.00804	2.432114
242.64	100.8045	1.008045	2.432945
242.82	100.8051	1.008051	2.433804
243	100.8056	1.008056	2.434691
243.18	100.8062	1.008062	2.435607
243.36	100.8067	1.008067	2.436553
243.54	100.8073	1.008073	2.43753
243.72	100.8079	1.008079	2.438538
243.9	100.8084	1.008084	2.43958
244.08	100.809	1.00809	2.440656
244.26	100.8096	1.008096	2.441767
244.44	100.8101	1.008101	2.442915
244.62	100.8107	1.008107	2.444101
244.8	100.8113	1.008113	2.445325
244.98	100.8118	1.008118	2.44659
245.16	100.8124	1.008124	2.447896
245.34	100.813	1.00813	2.449245
245.52	100.8136	1.008136	2.450639
245.7	100.8141	1.008141	2.452078
245.88	100.8147	1.008147	2.453565
246.06	100.8153	1.008153	2.4551
246.24	100.8159	1.008159	2.456685
246.42	100.8164	1.008164	2.458322
246.6	100.817	1.00817	2.460012
246.78	100.8176	1.008176	2.461757
246.96	100.8182	1.008182	2.463558
247.14	100.8188	1.008188	2.465418
247.32	100.8194	1.008194	2.467338
247.5	100.82	1.0082	2.469319
247.68	100.8206	1.008206	2.471363
247.86	100.8212	1.008212	2.473472
248.04	100.8218	1.008218	2.475648
248.22	100.8224	1.008224	2.477893
248.4	100.823	1.00823	2.480207
248.58	100.8236	1.008236	2.482594
248.76	100.8242	1.008242	2.485055
248.94	100.8248	1.008248	2.487591
249.12	100.8254	1.008254	2.490205
249.3	100.826	1.00826	2.492898
249.48	100.8266	1.008266	2.495671
249.66	100.8272	1.008272	2.498527
249.84	100.8278	1.008278	2.501467
250.02	100.8284	1.008284	2.504493
250.2	100.8291	1.008291	2.507606
250.38	100.8297	1.008297	2.510807
250.56	100.8303	1.008303	2.5141
250.74	100.8309	1.008309	2.517483
250.92	100.8315	1.008315	2.52096
251.1	100.8322	1.008322	2.52453
251.28	100.8328	1.008328	2.528196
251.46	100.8334	1.008334	2.531957
251.64	100.8341	1.008341	2.535815
251.82	100.8347	1.008347	2.539771
252	100.8353	1.008353	2.543824
252.18	100.836	1.00836	2.547975
252.36	100.8366	1.008366	2.552225
252.54	100.8373	1.008373	2.556572
252.72	100.8379	1.008379	2.561018
252.9	100.8386	1.008386	2.56556
253.08	100.8392	1.008392	2.570199
253.26	100.8399	1.008399	2.574932
253.44	100.8405	1.008405	2.579759
253.62	100.8412	1.008412	2.584677
253.8	100.8418	1.008418	2.589685
253.98	100.8425	1.008425	2.59478
254.16	100.8431	1.008431	2.599959
254.34	100.8438	1.008438	2.605219
254.52	100.8444	1.008444	2.610556
254.7	100.8451	1.008451	2.615965
254.88	100.8458	1.008458	2.621441
255.06	100.8464	1.008464	2.62698
255.24	100.8471	1.008471	2.632576
255.42	100.8478	1.008478	2.638222
255.6	100.8484	1.008484	2.643911
255.78	100.8491	1.008491	2.649635
255.96	100.8497	1.008497	2.655387
256.14	100.8504	1.008504	2.661158
256.32	100.851	1.00851	2.666937
256.5	100.8517	1.008517	2.672714
256.68	100.8524	1.008524	2.678479
256.86	100.853	1.00853	2.684219
257.04	100.8537	1.008537	2.689923
257.22	100.8543	1.008543	2.695577
257.4	100.8549	1.008549	2.701167
257.58	100.8556	1.008556	2.706678
257.76	100.8562	1.008562	2.712095
257.94	100.8568	1.008568	2.717402
258.12	100.8575	1.008575	2.722581
258.3	100.8581	1.008581	2.727615
258.48	100.8587	1.008587	2.732485
258.66	100.8593	1.008593	2.737174
258.84	100.8599	1.008599	2.741661
259.02	100.8605	1.008605	2.745926
259.2	100.8611	1.008611	2.74995
259.38	100.8617	1.008617	2.753711
259.56	100.8623	1.008623	2.757188
259.74	100.8628	1.008628	2.760359
259.92	100.8634	1.008634	2.763205
260.1	100.8639	1.008639	2.765703
260.28	100.8645	1.008645	2.767832
260.46	100.865	1.00865	2.769572
260.64	100.8655	1.008655	2.770902
260.82	100.8661	1.008661	2.771804
261	100.8666	1.008666	2.772259
261.18	100.867	1.00867	2.772249
261.36	100.8675	1.008675	2.771757
261.54	100.868	1.00868	2.770769
261.72	100.8684	1.008684	2.769272
261.9	100.8688	1.008688	2.767254
262.08	100.8693	1.008693	2.764706
262.26	100.8697	1.008697	2.761619
262.44	100.8701	1.008701	2.75799
262.62	100.8704	1.008704	2.753816
262.8	100.8708	1.008708	2.749097
262.98	100.8712	1.008712	2.743836
263.16	100.8715	1.008715	2.738039
263.34	100.8718	1.008718	2.731716
263.52	100.8721	1.008721	2.724879
263.7	100.8724	1.008724	2.717543
263.88	100.8727	1.008727	2.709729
264.06	100.873	1.00873	2.701459
264.24	100.8733	1.008733	2.692758
264.42	100.8735	1.008735	2.683654
264.6	100.8738	1.008738	2.674181
264.78	100.874	1.00874	2.664374
264.96	100.8742	1.008742	2.65427
265.14	100.8744	1.008744	2.643912
265.32	100.8746	1.008746	2.633341
265.5	100.8748	1.008748	2.622603
265.68	100.875	1.00875	2.611747
265.86	100.8752	1.008752	2.600822
266.04	100.8754	1.008754	2.589877
266.22	100.8756	1.008756	2.578964
266.4	100.8758	1.008758	2.568135
266.58	100.8759	1.008759	2.55744
266.76	100.8761	1.008761	2.546932
266.94	100.8763	1.008763	2.536661
267.12	100.8765	1.008765	2.526673
267.3	100.8767	1.008767	2.517016
267.48	100.8769	1.008769	2.507732
267.66	100.8771	1.008771	2.498861
267.84	100.8773	1.008773	2.490438
268.02	100.8776	1.008776	2.482492
268.2	100.8778	1.008778	2.475049
268.38	100.878	1.00878	2.468127
268.56	100.8783	1.008783	2.461737
268.74	100.8786	1.008786	2.455885
268.92	100.8789	1.008789	2.450567
269.1	100.879	1.00879	2.445785
269.28	100.8792	1.008792	2.441511
269.46	100.8795	1.008795	2.437717
269.64	100.8798	1.008798	2.434374
269.82	100.8801	1.008801	2.431448
270	100.8804	1.008804	2.4289
270.18	100.8808	1.008808	2.426693
270.36	100.8811	1.008811	2.424787
270.54	100.8815	1.008815	2.423142
270.72	100.8819	1.008819	2.421722
270.9	100.8823	1.008823	2.420493
271.08	100.8827	1.008827	2.419426
271.26	100.8831	1.008831	2.418493
271.44	100.8835	1.008835	2.417672
271.62	100.8839	1.008839	2.416945
271.8	100.8843	1.008843	2.416294
271.98	100.8847	1.008847	2.415707
272.16	100.8851	1.008851	2.415174
272.34	100.8855	1.008855	2.414686
272.52	100.8859	1.008859	2.414236
272.7	100.8863	1.008863	2.413818
272.88	100.8868	1.008868	2.41343
273.06	100.8872	1.008872	2.413066
273.24	100.8876	1.008876	2.412724
273.42	100.888	1.00888	2.412402
273.6	100.8884	1.008884	2.412098
273.78	100.8888	1.008888	2.411811
273.96	100.8892	1.008892	2.411539
274.14	100.8896	1.008896	2.41128
274.32	100.89	1.0089	2.411035
274.5	100.8904	1.008904	2.410802
274.68	100.8908	1.008908	2.41058
274.86	100.8912	1.008912	2.410368
275.04	100.8916	1.008916	2.410167
275.22	100.892	1.00892	2.409975
275.4	100.8924	1.008924	2.409792
275.58	100.8928	1.008928	2.409617
275.76	100.8932	1.008932	2.409451
275.94	100.8936	1.008936	2.409291
276.12	100.894	1.00894	2.40914
276.3	100.8944	1.008944	2.408995
276.48	100.8948	1.008948	2.408856
276.66	100.8952	1.008952	2.408724
276.84	100.8956	1.008956	2.408597
277.02	100.896	1.00896	2.408477
277.2	100.8964	1.008964	2.408362
277.38	100.8968	1.008968	2.408252
277.56	100.8971	1.008971	2.408147
277.74	100.8975	1.008975	2.408047
277.92	100.8979	1.008979	2.407951
278.1	100.8983	1.008983	2.40786
278.28	100.8987	1.008987	2.407773
278.46	100.899	1.00899	2.407691
278.64	100.8994	1.008994	2.407612
278.82	100.8998	1.008998	2.407537
279	100.9002	1.009002	2.407466
279.18	100.9005	1.009005	2.407398
279.36	100.9009	1.009009	2.407334
279.54	100.9013	1.009013	2.407273
279.72	100.9016	1.009016	2.407216
279.9	100.902	1.00902	2.407162
280.08	100.9024	1.009024	2.407111
280.26	100.9027	1.009027	2.407063
280.44	100.9031	1.009031	2.407018
280.62	100.9035	1.009035	2.406975
280.8	100.9038	1.009038	2.406936
280.98	100.9042	1.009042	2.406899
281.16	100.9045	1.009045	2.406865
281.34	100.9049	1.009049	2.406834
281.52	100.9052	1.009052	2.406805
281.7	100.9056	1.009056	2.406779
281.88	100.9059	1.009059	2.406755
282.06	100.9063	1.009063	2.406734
282.24	100.9066	1.009066	2.406715
282.42	100.907	1.00907	2.406698
282.6	100.9073	1.009073	2.406684
282.78	100.9077	1.009077	2.406672
282.96	100.908	1.00908	2.406663
283.14	100.9083	1.009083	2.406656
283.32	100.9087	1.009087	2.406651
283.5	100.909	1.00909	2.406648
283.68	100.9093	1.009093	2.406647
283.86	100.9097	1.009097	2.406649
284.04	100.91	1.0091	2.406653
284.22	100.9103	1.009103	2.406659
284.4	100.9107	1.009107	2.406667
284.58	100.911	1.00911	2.406678
284.76	100.9113	1.009113	2.406691
284.94	100.9116	1.009116	2.406705
285.12	100.912	1.00912	2.406722
285.3	100.9123	1.009123	2.406742
285.48	100.9126	1.009126	2.406763
285.66	100.9129	1.009129	2.406787
285.84	100.9132	1.009132	2.406813
286.02	100.9135	1.009135	2.406841
286.2	100.9139	1.009139	2.406871
286.38	100.9142	1.009142	2.406904
286.56	100.9145	1.009145	2.406939
286.74	100.9148	1.009148	2.406976
286.92	100.9151	1.009151	2.407016
287.1	100.9154	1.009154	2.407058
287.28	100.9157	1.009157	2.407103
287.46	100.916	1.00916	2.40715
287.64	100.9163	1.009163	2.407199
287.82	100.9166	1.009166	2.407251
288	100.9169	1.009169	2.407306
288.18	100.9172	1.009172	2.407363
288.36	100.9175	1.009175	2.407423
288.54	100.9177	1.009177	2.407486
288.72	100.918	1.00918	2.407551
288.9	100.9183	1.009183	2.407619
289.08	100.9186	1.009186	2.407691
289.26	100.9189	1.009189	2.407765
289.44	100.9192	1.009192	2.407842
289.62	100.9194	1.009194	2.407922
289.8	100.9197	1.009197	2.408006
289.98	100.92	1.0092	2.408092
290.16	100.9203	1.009203	2.408182
290.34	100.9206	1.009206	2.408276
290.52	100.9208	1.009208	2.408373
290.7	100.9211	1.009211	2.408474
290.88	100.9214	1.009214	2.408578
291.06	100.9216	1.009216	2.408687
291.24	100.9213	1.009213	2.408929
291.42	100.9211	1.009211	2.409134
291.6	100.9212	1.009212	2.409302
291.78	100.9213	1.009213	2.409453
291.96	100.9215	1.009215	2.409592
292.14	100.9218	1.009218	2.409733
292.32	100.9221	1.009221	2.409877
292.5	100.9223	1.009223	2.410026
292.68	100.9226	1.009226	2.410181
292.86	100.9228	1.009228	2.41034
293.04	100.9231	1.009231	2.410505
293.22	100.9234	1.009234	2.410676
293.4	100.9236	1.009236	2.410854
293.58	100.9239	1.009239	2.411037
293.76	100.9241	1.009241	2.411228
293.94	100.9244	1.009244	2.411425
294.12	100.9246	1.009246	2.411629
294.3	100.9249	1.009249	2.411841
294.48	100.9251	1.009251	2.412061
294.66	100.9254	1.009254	2.412289
294.84	100.9256	1.009256	2.412525
295.02	100.9258	1.009258	2.41277
295.2	100.9261	1.009261	2.413025
295.38	100.9263	1.009263	2.413289
295.56	100.9266	1.009266	2.413563
295.74	100.9268	1.009268	2.413847
295.92	100.927	1.00927	2.414143
296.1	100.9273	1.009273	2.41445
296.28	100.9275	1.009275	2.414769
296.46	100.9277	1.009277	2.4151
296.64	100.9279	1.009279	2.415445
296.82	100.9282	1.009282	2.415804
297	100.9284	1.009284	2.416177
297.18	100.9286	1.009286	2.416565
297.36	100.9288	1.009288	2.41697
297.54	100.9291	1.009291	2.417391
297.72	100.9293	1.009293	2.41783
297.9	100.9295	1.009295	2.418289
298.08	100.9297	1.009297	2.418766
298.26	100.9299	1.009299	2.419264
298.44	100.9301	1.009301	2.419785
298.62	100.9303	1.009303	2.420328
298.8	100.9305	1.009305	2.420896
298.98	100.9308	1.009308	2.421489
299.16	100.931	1.00931	2.42211
299.34	100.9312	1.009312	2.422759
299.52	100.9314	1.009314	2.423439
299.7	100.9316	1.009316	2.424151
299.88	100.9318	1.009318	2.424898
300.06	100.932	1.00932	2.425681
300.24	100.9322	1.009322	2.426502
300.42	100.9324	1.009324	2.427363
300.6	100.9325	1.009325	2.428269
300.78	100.9327	1.009327	2.42922
300.96	100.9329	1.009329	2.43022
301.14	100.9331	1.009331	2.431263
301.32	100.9333	1.009333	2.43236
301.5	100.9335	1.009335	2.433517
301.68	100.9337	1.009337	2.434738
301.86	100.9339	1.009339	2.436028
302.04	100.9341	1.009341	2.437389
302.22	100.9343	1.009343	2.438828
302.4	100.9345	1.009345	2.440349
302.58	100.9346	1.009346	2.441957
302.76	100.9348	1.009348	2.443659
302.94	100.935	1.00935	2.44546
303.12	100.9352	1.009352	2.447367
303.3	100.9353	1.009353	2.449388
303.48	100.9355	1.009355	2.451531
303.66	100.9357	1.009357	2.453804
303.84	100.9359	1.009359	2.456208
304.02	100.9361	1.009361	2.458756
304.2	100.9362	1.009362	2.461465
304.38	100.9364	1.009364	2.464348
304.56	100.9366	1.009366	2.467416
304.74	100.9367	1.009367	2.470683
304.92	100.9369	1.009369	2.47416
305.1	100.9371	1.009371	2.477866
305.28	100.9372	1.009372	2.481816
305.46	100.9374	1.009374	2.486011
305.64	100.9376	1.009376	2.490485
305.82	100.9378	1.009378	2.495262
306	100.9379	1.009379	2.500364
306.18	100.9381	1.009381	2.505814
306.36	100.9383	1.009383	2.511636
306.54	100.9385	1.009385	2.517846
306.72	100.9386	1.009386	2.524473
306.9	100.9388	1.009388	2.531562
307.08	100.939	1.00939	2.539147
307.26	100.9391	1.009391	2.547265
307.44	100.9393	1.009393	2.555952
307.62	100.9395	1.009395	2.565221
307.8	100.9397	1.009397	2.575148
307.98	100.9398	1.009398	2.585788
308.16	100.94	1.0094	2.597195
308.34	100.9402	1.009402	2.609429
308.52	100.9403	1.009403	2.622558
308.7	100.9405	1.009405	2.636652
308.88	100.9407	1.009407	2.651738
309.06	100.9409	1.009409	2.667991
309.24	100.9411	1.009411	2.684859
309.42	100.9412	1.009412	2.701805
309.6	100.9414	1.009414	2.718831
309.78	100.9415	1.009415	2.735933
309.96	100.9417	1.009417	2.753113
310.14	100.9418	1.009418	2.770369
310.32	100.9419	1.009419	2.7877
310.5	100.9421	1.009421	2.805095
310.68	100.9422	1.009422	2.82251
310.86	100.9424	1.009424	2.839907
311.04	100.9425	1.009425	2.857275
311.22	100.9426	1.009426	2.874558
311.4	100.9427	1.009427	2.891681
311.58	100.9428	1.009428	2.908546
311.76	100.9429	1.009429	2.925041
311.94	100.943	1.00943	2.94103
312.12	100.9431	1.009431	2.956343
312.3	100.9432	1.009432	2.97079
312.48	100.9433	1.009433	2.984155
312.66	100.9434	1.009434	2.996193
312.84	100.9435	1.009435	3.006631
313.02	100.9435	1.009435	3.015173
313.2	100.9436	1.009436	3.021502
313.38	100.9437	1.009437	3.025301
313.56	100.9437	1.009437	3.026245
313.74	100.9438	1.009438	3.024018
313.92	100.9438	1.009438	3.018325
314.1	100.9438	1.009438	3.008914
314.28	100.9438	1.009438	2.995582
314.46	100.9439	1.009439	2.978189
314.64	100.9439	1.009439	2.956683
314.82	100.9439	1.009439	2.931118
315	100.9439	1.009439	2.901646
315.18	100.9439	1.009439	2.868544
315.36	100.9438	1.009438	2.832208
315.54	100.9438	1.009438	2.793193
315.72	100.9438	1.009438	2.752128
315.9	100.9437	1.009437	2.70972
316.08	100.9437	1.009437	2.6668
316.26	100.9436	1.009436	2.624295
316.44	100.9436	1.009436	2.583229
316.62	100.9435	1.009435	2.544516
316.8	100.9435	1.009435	2.509163
316.98	100.9434	1.009434	2.478093
317.16	100.9434	1.009434	2.452126
317.34	100.9433	1.009433	2.431875
317.52	100.9433	1.009433	2.417576
317.7	100.9434	1.009434	2.408829
317.88	100.9434	1.009434	2.404395
318.06	100.9434	1.009434	2.402499
318.24	100.9435	1.009435	2.401666
318.42	100.9435	1.009435	2.401187
318.6	100.9436	1.009436	2.400829
318.78	100.9436	1.009436	2.400529
318.96	100.9437	1.009437	2.400269
319.14	100.9437	1.009437	2.400039
319.32	100.9438	1.009438	2.399835
319.5	100.9438	1.009438	2.399654
319.68	100.9439	1.009439	2.399492
319.86	100.9439	1.009439	2.399346
320.04	100.9439	1.009439	2.399214
320.22	100.944	1.00944	2.399095
320.4	100.944	1.00944	2.398986
320.58	100.9441	1.009441	2.398887
320.76	100.9441	1.009441	2.398797
320.94	100.9441	1.009441	2.398714
321.12	100.9442	1.009442	2.398638
321.3	100.9442	1.009442	2.398568
321.48	100.9442	1.009442	2.398504
321.66	100.9443	1.009443	2.398444
321.84	100.9443	1.009443	2.398389
322.02	100.9443	1.009443	2.398338
322.2	100.9444	1.009444	2.39829
322.38	100.9444	1.009444	2.398246
322.56	100.9444	1.009444	2.398204
322.74	100.9445	1.009445	2.398166
322.92	100.9445	1.009445	2.39813
323.1	100.9445	1.009445	2.398096
323.28	100.9445	1.009445	2.398064
323.46	100.9446	1.009446	2.398035
323.64	100.9446	1.009446	2.398007
323.82	100.9446	1.009446	2.397981
324	100.9446	1.009446	2.397956
324.18	100.9447	1.009447	2.397933
324.36	100.9447	1.009447	2.397911
324.54	100.9447	1.009447	2.39789
324.72	100.9447	1.009447	2.397871
324.9	100.9447	1.009447	2.397853
325.08	100.9448	1.009448	2.397835
325.26	100.9448	1.009448	2.397819
325.44	100.9448	1.009448	2.397803
325.62	100.9448	1.009448	2.397788
325.8	100.9448	1.009448	2.397774
325.98	100.9448	1.009448	2.397761
326.16	100.9449	1.009449	2.397748
326.34	100.9449	1.009449	2.397737
326.52	100.9449	1.009449	2.397725
326.7	100.9449	1.009449	2.397714
326.88	100.9449	1.009449	2.397704
327.06	100.9449	1.009449	2.397695
327.24	100.9449	1.009449	2.397685
327.42	100.9449	1.009449	2.397676
327.6	100.9449	1.009449	2.397668
327.78	100.9449	1.009449	2.39766
327.96	100.945	1.00945	2.397653
328.14	100.945	1.00945	2.397646
328.32	100.945	1.00945	2.397639
328.5	100.945	1.00945	2.397632
328.68	100.945	1.00945	2.397626
328.86	100.945	1.00945	2.39762
329.04	100.945	1.00945	2.397596
329.22	100.945	1.00945	2.397508
329.4	100.945	1.00945	2.397495
329.58	100.945	1.00945	2.397482
329.76	100.945	1.00945	2.397469
329.94	100.945	1.00945	2.397455
330.12	100.945	1.00945	2.397441
330.3	100.945	1.00945	2.397427
330.48	100.945	1.00945	2.397413
330.66	100.945	1.00945	2.397399
330.84	100.945	1.00945	2.397385
331.02	100.945	1.00945	2.397371
331.2	100.945	1.00945	2.397389
331.38	100.945	1.00945	2.397418
331.56	100.945	1.00945	2.397445
331.74	100.945	1.00945	2.397468
331.92	100.945	1.00945	2.397488
332.1	100.945	1.00945	2.397505
332.28	100.945	1.00945	2.397519
332.46	100.945	1.00945	2.39753
332.64	100.945	1.00945	2.397537
332.82	100.945	1.00945	2.397543
333	100.945	1.00945	2.397546
333.18	100.9451	1.009451	2.397547
333.36	100.9451	1.009451	2.397545
333.54	100.9451	1.009451	2.397541
333.72	100.9451	1.009451	2.397536
333.9	100.9451	1.009451	2.397543
334.08	100.9451	1.009451	2.397508
334.26	100.9451	1.009451	2.397405
334.44	100.9451	1.009451	2.397144
334.62	100.9451	1.009451	2.3965
334.8	100.9451	1.009451	2.395413
334.98	100.9451	1.009451	2.394145
335.16	100.9451	1.009451	2.392698
335.34	100.9452	1.009452	2.391072
335.52	100.9452	1.009452	2.389267
335.7	100.9452	1.009452	2.387286
335.88	100.9452	1.009452	2.385128
336.06	100.9452	1.009452	2.382796
336.24	100.9452	1.009452	2.380292
336.42	100.9452	1.009452	2.37763
336.6	100.9452	1.009452	2.374811
336.78	100.9452	1.009452	2.371826
336.96	100.9452	1.009452	2.368673
337.14	100.9452	1.009452	2.365354
337.32	100.9453	1.009453	2.36187
337.5	100.9453	1.009453	2.358234
337.68	100.9453	1.009453	2.35445
337.86	100.9453	1.009453	2.350507
338.04	100.9453	1.009453	2.346408
338.22	100.9453	1.009453	2.342156
338.4	100.9453	1.009453	2.337778
338.58	100.9453	1.009453	2.333248
338.76	100.9453	1.009453	2.328569
338.94	100.9453	1.009453	2.323752
339.12	100.9453	1.009453	2.318805
339.3	100.9453	1.009453	2.313717
339.48	100.9454	1.009454	2.308499
339.66	100.9454	1.009454	2.30316
339.84	100.9454	1.009454	2.297686
340.02	100.9454	1.009454	2.292088
340.2	100.9454	1.009454	2.286376
340.38	100.9454	1.009454	2.28054
340.56	100.9454	1.009454	2.274598
340.74	100.9454	1.009454	2.268535
340.92	100.9454	1.009454	2.262365
341.1	100.9454	1.009454	2.256089
341.28	100.9454	1.009454	2.249712
341.46	100.9454	1.009454	2.243233
341.64	100.9454	1.009454	2.236656
341.82	100.9454	1.009454	2.229984
342	100.9455	1.009455	2.223225
342.18	100.9455	1.009455	2.216372
342.36	100.9455	1.009455	2.209438
342.54	100.9455	1.009455	2.20242
342.72	100.9449	1.009449	2.202393
342.9	100.9449	1.009449	2.203423
343.08	100.9449	1.009449	2.204324
343.26	100.9449	1.009449	2.205099
343.44	100.9449	1.009449	2.205744
343.62	100.9449	1.009449	2.206266
343.8	100.9449	1.009449	2.206665
343.98	100.945	1.00945	2.206942
344.16	100.945	1.00945	2.207102
344.34	100.945	1.00945	2.207145
344.52	100.945	1.00945	2.207073
344.7	100.945	1.00945	2.206888
344.88	100.945	1.00945	2.206593
345.06	100.945	1.00945	2.206189
345.24	100.945	1.00945	2.205678
345.42	100.945	1.00945	2.205063
345.6	100.945	1.00945	2.204348
345.78	100.945	1.00945	2.203533
345.96	100.945	1.00945	2.202619
346.14	100.945	1.00945	2.201608
346.32	100.9449	1.009449	2.200502
346.5	100.9449	1.009449	2.199304
346.68	100.945	1.00945	2.198017
346.86	100.945	1.00945	2.196641
347.04	100.945	1.00945	2.195181
347.22	100.945	1.00945	2.193638
347.4	100.945	1.00945	2.192017
347.58	100.945	1.00945	2.190317
347.76	100.945	1.00945	2.188541
347.94	100.945	1.00945	2.186691
348.12	100.945	1.00945	2.18477
348.3	100.945	1.00945	2.182782
348.48	100.945	1.00945	2.18073
348.66	100.945	1.00945	2.178613
348.84	100.945	1.00945	2.176435
349.02	100.945	1.00945	2.174196
349.2	100.945	1.00945	2.171902
349.38	100.945	1.00945	2.169555
349.56	100.945	1.00945	2.167155
349.74	100.945	1.00945	2.164704
349.92	100.945	1.00945	2.162207
350.1	100.945	1.00945	2.159668
350.28	100.945	1.00945	2.157086
350.46	100.945	1.00945	2.154463
350.64	100.945	1.00945	2.151804
350.82	100.945	1.00945	2.14911
351	100.945	1.00945	2.146382
351.18	100.945	1.00945	2.143623
351.36	100.945	1.00945	2.140838
351.54	100.945	1.00945	2.138026
351.72	100.945	1.00945	2.13519
351.9	100.945	1.00945	2.132335
352.08	100.945	1.00945	2.129461
352.26	100.945	1.00945	2.126569
352.44	100.9451	1.009451	2.123663
352.62	100.9451	1.009451	2.120745
352.8	100.9451	1.009451	2.117816
352.98	100.9451	1.009451	2.114881
353.16	100.9451	1.009451	2.111941
353.34	100.9451	1.009451	2.108996
353.52	100.9451	1.009451	2.106051
353.7	100.9451	1.009451	2.103107
353.88	100.9451	1.009451	2.100165
354.06	100.9451	1.009451	2.097229
354.24	100.9451	1.009451	2.0943
354.42	100.9451	1.009451	2.09138
354.6	100.9451	1.009451	2.088474
354.78	100.9451	1.009451	2.08558
354.96	100.9451	1.009451	2.082701
355.14	100.9451	1.009451	2.07984
355.32	100.9451	1.009451	2.076998
355.5	100.9451	1.009451	2.074178
355.68	100.9451	1.009451	2.071383
355.86	100.9451	1.009451	2.068612
356.04	100.9451	1.009451	2.06587
356.22	100.9451	1.009451	2.063157
356.4	100.9451	1.009451	2.060475
356.58	100.9451	1.009451	2.057826
356.76	100.9451	1.009451	2.055213
356.94	100.9451	1.009451	2.052636
357.12	100.9451	1.009451	2.0501
357.3	100.9451	1.009451	2.047605
357.48	100.9451	1.009451	2.045151
357.66	100.9451	1.009451	2.042743
357.84	100.9452	1.009452	2.040381
358.02	100.9452	1.009452	2.038067
358.2	100.9452	1.009452	2.035803
358.38	100.9452	1.009452	2.033592
358.56	100.9452	1.009452	2.031435
358.74	100.9452	1.009452	2.029335
358.92	100.9452	1.009452	2.027292
359.1	100.9452	1.009452	2.025308
359.28	100.9452	1.009452	2.023384
359.46	100.9452	1.009452	2.021525
359.64	100.9452	1.009452	2.019731
359.82	100.9452	1.009452	2.018002
360	100.9452	1.009452	2.016343
